{
  "asset": {
    "version": "2.0",
    "generator": "THREE.GLTFExporter"
  },
  "scenes": [
    {
      "nodes": [
        33
      ]
    }
  ],
  "scene": 0,
  "nodes": [
    {
      "matrix": [
        1,
        0,
        0,
        0,
        0,
        1,
        0,
        0,
        0,
        0,
        1,
        0,
        5.913356438285312,
        12.62867328772408,
        0,
        1
      ],
      "mesh": 0
    },
    {
      "matrix": [
        1,
        0,
        0,
        0,
        0,
        0.984807753012208,
        0.17364817766693033,
        0,
        0,
        -0.17364817766693033,
        0.984807753012208,
        0,
        5.913356438285312,
        12.62867328772408,
        2.6165798260063466,
        1
      ],
      "mesh": 1
    },
    {
      "matrix": [
        -1,
        -1.2246467991473535e-16,
        0,
        0,
        1.2060416625018979e-16,
        -0.9848077530122081,
        -0.17364817766693033,
        0,
        2.1265768495757716e-17,
        -0.17364817766693033,
        0.984807753012208,
        0,
        5.873356438285313,
        14.626586386715356,
        3.004759652012694,
        1
      ],
      "mesh": 2
    },
    {
      "matrix": [
        3.3306690738754696e-16,
        -0.9848077530122079,
        -0.17364817766693033,
        0,
        0.9999999999999998,
        3.3306690738754696e-16,
        0,
        0,
        2.7755575615628914e-17,
        -0.17364817766693033,
        0.984807753012208,
        0,
        8.803356438285315,
        12.62867328772408,
        2.6565798260063467,
        1
      ],
      "mesh": 3
    },
    {
      "matrix": [
        -1,
        -1.2246467991473535e-16,
        0,
        0,
        1.2060416625018979e-16,
        -0.9848077530122081,
        -0.17364817766693033,
        0,
        2.1265768495757716e-17,
        -0.17364817766693033,
        0.984807753012208,
        0,
        5.913356438285313,
        10.670760188732807,
        2.3084000000000002,
        1
      ],
      "mesh": 4
    },
    {
      "matrix": [
        3.3306690738754696e-16,
        -0.9848077530122079,
        -0.17364817766693033,
        0,
        0.9999999999999998,
        3.3306690738754696e-16,
        0,
        0,
        2.7755575615628914e-17,
        -0.17364817766693033,
        0.984807753012208,
        0,
        2.9833564382853117,
        12.668673287724083,
        2.6565798260063467,
        1
      ],
      "mesh": 5
    },
    {
      "matrix": [
        1,
        0,
        0,
        0,
        0,
        1,
        0,
        0,
        0,
        0,
        1,
        0,
        3.2697675986605153,
        14.407681590834095,
        1.4573798260063469,
        1
      ],
      "mesh": 6
    },
    {
      "matrix": [
        1,
        0,
        0,
        0,
        0,
        1,
        0,
        0,
        0,
        0,
        1,
        0,
        3.2697675986605153,
        14.407681590834095,
        0.055,
        1
      ],
      "mesh": 7
    },
    {
      "matrix": [
        0,
        -0.7071067811865472,
        0.7071067811865477,
        0,
        -2.220446049250313e-16,
        -0.7071067811865477,
        -0.7071067811865472,
        0,
        1,
        -2.220446049250313e-16,
        0,
        0,
        3.2697675986605153,
        14.407681590834095,
        0,
        1
      ],
      "mesh": 8
    },
    {
      "matrix": [
        -0.7071067811865475,
        1.1102230246251565e-16,
        0.7071067811865476,
        0,
        -0.7071067811865476,
        0,
        -0.7071067811865475,
        0,
        0,
        -1,
        2.220446049250313e-16,
        0,
        3.2697675986605153,
        14.407681590834095,
        0,
        1
      ],
      "mesh": 9
    },
    {
      "matrix": [
        1,
        0,
        0,
        0,
        0,
        1,
        0,
        0,
        0,
        0,
        1,
        0,
        8.55694527791011,
        14.407681590834095,
        1.4573798260063469,
        1
      ],
      "mesh": 10
    },
    {
      "matrix": [
        1,
        0,
        0,
        0,
        0,
        1,
        0,
        0,
        0,
        0,
        1,
        0,
        8.55694527791011,
        14.407681590834095,
        0.055,
        1
      ],
      "mesh": 11
    },
    {
      "matrix": [
        0,
        -0.7071067811865472,
        0.7071067811865477,
        0,
        -2.220446049250313e-16,
        -0.7071067811865477,
        -0.7071067811865472,
        0,
        1,
        -2.220446049250313e-16,
        0,
        0,
        8.55694527791011,
        14.407681590834095,
        0,
        1
      ],
      "mesh": 12
    },
    {
      "matrix": [
        -0.7071067811865475,
        1.1102230246251565e-16,
        0.7071067811865476,
        0,
        -0.7071067811865476,
        0,
        -0.7071067811865475,
        0,
        0,
        -1,
        2.220446049250313e-16,
        0,
        8.55694527791011,
        14.407681590834095,
        0,
        1
      ],
      "mesh": 13
    },
    {
      "matrix": [
        1,
        0,
        0,
        0,
        0,
        1,
        0,
        0,
        0,
        0,
        1,
        0,
        3.230575443893994,
        10.897452610869651,
        0.055,
        1
      ],
      "mesh": 14
    },
    {
      "matrix": [
        1,
        0,
        0,
        0,
        0,
        1,
        0,
        0,
        0,
        0,
        1,
        0,
        3.2291375654756056,
        10.84548366328092,
        1.8288000000000002,
        1
      ],
      "mesh": 15
    },
    {
      "matrix": [
        1,
        0,
        0,
        0,
        0,
        1,
        0,
        0,
        0,
        0,
        1,
        0,
        3.2291375654756056,
        10.84548366328092,
        0.6096,
        1
      ],
      "mesh": 16
    },
    {
      "matrix": [
        1,
        0,
        0,
        0,
        0,
        1,
        0,
        0,
        0,
        0,
        1,
        0,
        8.596137432676631,
        10.897452610869651,
        0.055,
        1
      ],
      "mesh": 17
    },
    {
      "matrix": [
        1,
        0,
        0,
        0,
        0,
        1,
        0,
        0,
        0,
        0,
        1,
        0,
        8.597575311095019,
        10.84548366328092,
        1.8288000000000002,
        1
      ],
      "mesh": 18
    },
    {
      "matrix": [
        1,
        0,
        0,
        0,
        0,
        1,
        0,
        0,
        0,
        0,
        1,
        0,
        8.597575311095019,
        10.84548366328092,
        0.6096,
        1
      ],
      "mesh": 19
    },
    {
      "matrix": [
        1,
        0,
        0,
        0,
        0,
        -0.9986295347545737,
        -0.052335956242943564,
        0,
        0,
        0.052335956242943564,
        -0.9986295347545737,
        0,
        3.230575443893994,
        10.897452610869651,
        1.1192,
        1
      ],
      "mesh": 20
    },
    {
      "matrix": [
        1,
        0,
        0,
        0,
        0,
        -0.9986295347545737,
        -0.052335956242943564,
        0,
        0,
        0.052335956242943564,
        -0.9986295347545737,
        0,
        8.596137432676631,
        10.897452610869651,
        1.1192,
        1
      ],
      "mesh": 21
    },
    {
      "matrix": [
        1,
        0,
        0,
        0,
        0,
        -0.9986295347545737,
        -0.052335956242943564,
        0,
        0,
        0.052335956242943564,
        -0.9986295347545737,
        0,
        3.2276996870572177,
        10.79351471569219,
        1.1192,
        1
      ],
      "mesh": 22
    },
    {
      "matrix": [
        1,
        0,
        0,
        0,
        0,
        -0.9986295347545737,
        -0.052335956242943564,
        0,
        0,
        0.052335956242943564,
        -0.9986295347545737,
        0,
        8.599013189513407,
        10.79351471569219,
        1.1192,
        1
      ],
      "mesh": 23
    },
    {
      "matrix": [
        1,
        0,
        0,
        0,
        0,
        1,
        0,
        0,
        0,
        0,
        1,
        0,
        5.913356438285312,
        14.407681590834095,
        1.4573798260063469,
        1
      ],
      "mesh": 24
    },
    {
      "matrix": [
        1,
        0,
        0,
        0,
        0,
        1,
        0,
        0,
        0,
        0,
        1,
        0,
        5.913356438285312,
        14.407681590834095,
        0.055,
        1
      ],
      "mesh": 25
    },
    {
      "matrix": [
        0,
        -0.7071067811865472,
        0.7071067811865477,
        0,
        -2.220446049250313e-16,
        -0.7071067811865477,
        -0.7071067811865472,
        0,
        1,
        -2.220446049250313e-16,
        0,
        0,
        5.913356438285312,
        14.407681590834095,
        0,
        1
      ],
      "mesh": 26
    },
    {
      "matrix": [
        -0.7071067811865475,
        1.1102230246251565e-16,
        0.7071067811865476,
        0,
        -0.7071067811865476,
        0,
        -0.7071067811865475,
        0,
        0,
        -1,
        2.220446049250313e-16,
        0,
        5.913356438285312,
        14.407681590834095,
        0,
        1
      ],
      "mesh": 27
    },
    {
      "matrix": [
        1,
        0,
        0,
        0,
        0,
        -0.9986295347545737,
        -0.052335956242943564,
        0,
        0,
        0.052335956242943564,
        -0.9986295347545737,
        0,
        5.913356438285312,
        10.897452610869651,
        1.1192,
        1
      ],
      "mesh": 28
    },
    {
      "matrix": [
        1,
        0,
        0,
        0,
        0,
        -0.9986295347545737,
        -0.052335956242943564,
        0,
        0,
        0.052335956242943564,
        -0.9986295347545737,
        0,
        5.913356438285312,
        10.79351471569219,
        1.1192,
        1
      ],
      "mesh": 29
    },
    {
      "matrix": [
        1,
        0,
        0,
        0,
        0,
        1,
        0,
        0,
        0,
        0,
        1,
        0,
        5.913356438285312,
        10.897452610869651,
        0.055,
        1
      ],
      "mesh": 30
    },
    {
      "matrix": [
        1,
        0,
        0,
        0,
        0,
        1,
        0,
        0,
        0,
        0,
        1,
        0,
        5.913356438285312,
        10.84548366328092,
        1.8288000000000002,
        1
      ],
      "mesh": 31
    },
    {
      "matrix": [
        1,
        0,
        0,
        0,
        0,
        1,
        0,
        0,
        0,
        0,
        1,
        0,
        5.913356438285312,
        10.84548366328092,
        0.6096,
        1
      ],
      "mesh": 32
    },
    {
      "children": [
        0,
        1,
        2,
        3,
        4,
        5,
        6,
        7,
        8,
        9,
        10,
        11,
        12,
        13,
        14,
        15,
        16,
        17,
        18,
        19,
        20,
        21,
        22,
        23,
        24,
        25,
        26,
        27,
        28,
        29,
        30,
        31,
        32
      ]
    }
  ],
  "bufferViews": [
    {
      "buffer": 0,
      "byteOffset": 0,
      "byteLength": 288,
      "target": 34962,
      "byteStride": 12
    },
    {
      "buffer": 0,
      "byteOffset": 288,
      "byteLength": 288,
      "target": 34962,
      "byteStride": 12
    },
    {
      "buffer": 0,
      "byteOffset": 576,
      "byteLength": 192,
      "target": 34962,
      "byteStride": 8
    },
    {
      "buffer": 0,
      "byteOffset": 768,
      "byteLength": 72,
      "target": 34963
    },
    {
      "buffer": 0,
      "byteOffset": 840,
      "byteLength": 288,
      "target": 34962,
      "byteStride": 12
    },
    {
      "buffer": 0,
      "byteOffset": 1128,
      "byteLength": 288,
      "target": 34962,
      "byteStride": 12
    },
    {
      "buffer": 0,
      "byteOffset": 1416,
      "byteLength": 192,
      "target": 34962,
      "byteStride": 8
    },
    {
      "buffer": 0,
      "byteOffset": 1608,
      "byteLength": 72,
      "target": 34963
    },
    {
      "buffer": 0,
      "byteOffset": 1680,
      "byteLength": 288,
      "target": 34962,
      "byteStride": 12
    },
    {
      "buffer": 0,
      "byteOffset": 1968,
      "byteLength": 288,
      "target": 34962,
      "byteStride": 12
    },
    {
      "buffer": 0,
      "byteOffset": 2256,
      "byteLength": 192,
      "target": 34962,
      "byteStride": 8
    },
    {
      "buffer": 0,
      "byteOffset": 2448,
      "byteLength": 72,
      "target": 34963
    },
    {
      "buffer": 0,
      "byteOffset": 2520,
      "byteLength": 288,
      "target": 34962,
      "byteStride": 12
    },
    {
      "buffer": 0,
      "byteOffset": 2808,
      "byteLength": 288,
      "target": 34962,
      "byteStride": 12
    },
    {
      "buffer": 0,
      "byteOffset": 3096,
      "byteLength": 192,
      "target": 34962,
      "byteStride": 8
    },
    {
      "buffer": 0,
      "byteOffset": 3288,
      "byteLength": 72,
      "target": 34963
    },
    {
      "buffer": 0,
      "byteOffset": 3360,
      "byteLength": 288,
      "target": 34962,
      "byteStride": 12
    },
    {
      "buffer": 0,
      "byteOffset": 3648,
      "byteLength": 288,
      "target": 34962,
      "byteStride": 12
    },
    {
      "buffer": 0,
      "byteOffset": 3936,
      "byteLength": 192,
      "target": 34962,
      "byteStride": 8
    },
    {
      "buffer": 0,
      "byteOffset": 4128,
      "byteLength": 72,
      "target": 34963
    },
    {
      "buffer": 0,
      "byteOffset": 4200,
      "byteLength": 288,
      "target": 34962,
      "byteStride": 12
    },
    {
      "buffer": 0,
      "byteOffset": 4488,
      "byteLength": 288,
      "target": 34962,
      "byteStride": 12
    },
    {
      "buffer": 0,
      "byteOffset": 4776,
      "byteLength": 192,
      "target": 34962,
      "byteStride": 8
    },
    {
      "buffer": 0,
      "byteOffset": 4968,
      "byteLength": 72,
      "target": 34963
    },
    {
      "buffer": 0,
      "byteOffset": 5040,
      "byteLength": 288,
      "target": 34962,
      "byteStride": 12
    },
    {
      "buffer": 0,
      "byteOffset": 5328,
      "byteLength": 288,
      "target": 34962,
      "byteStride": 12
    },
    {
      "buffer": 0,
      "byteOffset": 5616,
      "byteLength": 192,
      "target": 34962,
      "byteStride": 8
    },
    {
      "buffer": 0,
      "byteOffset": 5808,
      "byteLength": 72,
      "target": 34963
    },
    {
      "buffer": 0,
      "byteOffset": 5880,
      "byteLength": 288,
      "target": 34962,
      "byteStride": 12
    },
    {
      "buffer": 0,
      "byteOffset": 6168,
      "byteLength": 288,
      "target": 34962,
      "byteStride": 12
    },
    {
      "buffer": 0,
      "byteOffset": 6456,
      "byteLength": 192,
      "target": 34962,
      "byteStride": 8
    },
    {
      "buffer": 0,
      "byteOffset": 6648,
      "byteLength": 72,
      "target": 34963
    },
    {
      "buffer": 0,
      "byteOffset": 6720,
      "byteLength": 288,
      "target": 34962,
      "byteStride": 12
    },
    {
      "buffer": 0,
      "byteOffset": 7008,
      "byteLength": 288,
      "target": 34962,
      "byteStride": 12
    },
    {
      "buffer": 0,
      "byteOffset": 7296,
      "byteLength": 192,
      "target": 34962,
      "byteStride": 8
    },
    {
      "buffer": 0,
      "byteOffset": 7488,
      "byteLength": 72,
      "target": 34963
    },
    {
      "buffer": 0,
      "byteOffset": 7560,
      "byteLength": 288,
      "target": 34962,
      "byteStride": 12
    },
    {
      "buffer": 0,
      "byteOffset": 7848,
      "byteLength": 288,
      "target": 34962,
      "byteStride": 12
    },
    {
      "buffer": 0,
      "byteOffset": 8136,
      "byteLength": 192,
      "target": 34962,
      "byteStride": 8
    },
    {
      "buffer": 0,
      "byteOffset": 8328,
      "byteLength": 72,
      "target": 34963
    },
    {
      "buffer": 0,
      "byteOffset": 8400,
      "byteLength": 288,
      "target": 34962,
      "byteStride": 12
    },
    {
      "buffer": 0,
      "byteOffset": 8688,
      "byteLength": 288,
      "target": 34962,
      "byteStride": 12
    },
    {
      "buffer": 0,
      "byteOffset": 8976,
      "byteLength": 192,
      "target": 34962,
      "byteStride": 8
    },
    {
      "buffer": 0,
      "byteOffset": 9168,
      "byteLength": 72,
      "target": 34963
    },
    {
      "buffer": 0,
      "byteOffset": 9240,
      "byteLength": 288,
      "target": 34962,
      "byteStride": 12
    },
    {
      "buffer": 0,
      "byteOffset": 9528,
      "byteLength": 288,
      "target": 34962,
      "byteStride": 12
    },
    {
      "buffer": 0,
      "byteOffset": 9816,
      "byteLength": 192,
      "target": 34962,
      "byteStride": 8
    },
    {
      "buffer": 0,
      "byteOffset": 10008,
      "byteLength": 72,
      "target": 34963
    },
    {
      "buffer": 0,
      "byteOffset": 10080,
      "byteLength": 288,
      "target": 34962,
      "byteStride": 12
    },
    {
      "buffer": 0,
      "byteOffset": 10368,
      "byteLength": 288,
      "target": 34962,
      "byteStride": 12
    },
    {
      "buffer": 0,
      "byteOffset": 10656,
      "byteLength": 192,
      "target": 34962,
      "byteStride": 8
    },
    {
      "buffer": 0,
      "byteOffset": 10848,
      "byteLength": 72,
      "target": 34963
    },
    {
      "buffer": 0,
      "byteOffset": 10920,
      "byteLength": 288,
      "target": 34962,
      "byteStride": 12
    },
    {
      "buffer": 0,
      "byteOffset": 11208,
      "byteLength": 288,
      "target": 34962,
      "byteStride": 12
    },
    {
      "buffer": 0,
      "byteOffset": 11496,
      "byteLength": 192,
      "target": 34962,
      "byteStride": 8
    },
    {
      "buffer": 0,
      "byteOffset": 11688,
      "byteLength": 72,
      "target": 34963
    },
    {
      "buffer": 0,
      "byteOffset": 11760,
      "byteLength": 288,
      "target": 34962,
      "byteStride": 12
    },
    {
      "buffer": 0,
      "byteOffset": 12048,
      "byteLength": 288,
      "target": 34962,
      "byteStride": 12
    },
    {
      "buffer": 0,
      "byteOffset": 12336,
      "byteLength": 192,
      "target": 34962,
      "byteStride": 8
    },
    {
      "buffer": 0,
      "byteOffset": 12528,
      "byteLength": 72,
      "target": 34963
    },
    {
      "buffer": 0,
      "byteOffset": 12600,
      "byteLength": 288,
      "target": 34962,
      "byteStride": 12
    },
    {
      "buffer": 0,
      "byteOffset": 12888,
      "byteLength": 288,
      "target": 34962,
      "byteStride": 12
    },
    {
      "buffer": 0,
      "byteOffset": 13176,
      "byteLength": 192,
      "target": 34962,
      "byteStride": 8
    },
    {
      "buffer": 0,
      "byteOffset": 13368,
      "byteLength": 72,
      "target": 34963
    },
    {
      "buffer": 0,
      "byteOffset": 13440,
      "byteLength": 288,
      "target": 34962,
      "byteStride": 12
    },
    {
      "buffer": 0,
      "byteOffset": 13728,
      "byteLength": 288,
      "target": 34962,
      "byteStride": 12
    },
    {
      "buffer": 0,
      "byteOffset": 14016,
      "byteLength": 192,
      "target": 34962,
      "byteStride": 8
    },
    {
      "buffer": 0,
      "byteOffset": 14208,
      "byteLength": 72,
      "target": 34963
    },
    {
      "buffer": 0,
      "byteOffset": 14280,
      "byteLength": 288,
      "target": 34962,
      "byteStride": 12
    },
    {
      "buffer": 0,
      "byteOffset": 14568,
      "byteLength": 288,
      "target": 34962,
      "byteStride": 12
    },
    {
      "buffer": 0,
      "byteOffset": 14856,
      "byteLength": 192,
      "target": 34962,
      "byteStride": 8
    },
    {
      "buffer": 0,
      "byteOffset": 15048,
      "byteLength": 72,
      "target": 34963
    },
    {
      "buffer": 0,
      "byteOffset": 15120,
      "byteLength": 288,
      "target": 34962,
      "byteStride": 12
    },
    {
      "buffer": 0,
      "byteOffset": 15408,
      "byteLength": 288,
      "target": 34962,
      "byteStride": 12
    },
    {
      "buffer": 0,
      "byteOffset": 15696,
      "byteLength": 192,
      "target": 34962,
      "byteStride": 8
    },
    {
      "buffer": 0,
      "byteOffset": 15888,
      "byteLength": 72,
      "target": 34963
    },
    {
      "buffer": 0,
      "byteOffset": 15960,
      "byteLength": 288,
      "target": 34962,
      "byteStride": 12
    },
    {
      "buffer": 0,
      "byteOffset": 16248,
      "byteLength": 288,
      "target": 34962,
      "byteStride": 12
    },
    {
      "buffer": 0,
      "byteOffset": 16536,
      "byteLength": 192,
      "target": 34962,
      "byteStride": 8
    },
    {
      "buffer": 0,
      "byteOffset": 16728,
      "byteLength": 72,
      "target": 34963
    },
    {
      "buffer": 0,
      "byteOffset": 16800,
      "byteLength": 288,
      "target": 34962,
      "byteStride": 12
    },
    {
      "buffer": 0,
      "byteOffset": 17088,
      "byteLength": 288,
      "target": 34962,
      "byteStride": 12
    },
    {
      "buffer": 0,
      "byteOffset": 17376,
      "byteLength": 192,
      "target": 34962,
      "byteStride": 8
    },
    {
      "buffer": 0,
      "byteOffset": 17568,
      "byteLength": 72,
      "target": 34963
    },
    {
      "buffer": 0,
      "byteOffset": 17640,
      "byteLength": 288,
      "target": 34962,
      "byteStride": 12
    },
    {
      "buffer": 0,
      "byteOffset": 17928,
      "byteLength": 288,
      "target": 34962,
      "byteStride": 12
    },
    {
      "buffer": 0,
      "byteOffset": 18216,
      "byteLength": 192,
      "target": 34962,
      "byteStride": 8
    },
    {
      "buffer": 0,
      "byteOffset": 18408,
      "byteLength": 72,
      "target": 34963
    },
    {
      "buffer": 0,
      "byteOffset": 18480,
      "byteLength": 288,
      "target": 34962,
      "byteStride": 12
    },
    {
      "buffer": 0,
      "byteOffset": 18768,
      "byteLength": 288,
      "target": 34962,
      "byteStride": 12
    },
    {
      "buffer": 0,
      "byteOffset": 19056,
      "byteLength": 192,
      "target": 34962,
      "byteStride": 8
    },
    {
      "buffer": 0,
      "byteOffset": 19248,
      "byteLength": 72,
      "target": 34963
    },
    {
      "buffer": 0,
      "byteOffset": 19320,
      "byteLength": 288,
      "target": 34962,
      "byteStride": 12
    },
    {
      "buffer": 0,
      "byteOffset": 19608,
      "byteLength": 288,
      "target": 34962,
      "byteStride": 12
    },
    {
      "buffer": 0,
      "byteOffset": 19896,
      "byteLength": 192,
      "target": 34962,
      "byteStride": 8
    },
    {
      "buffer": 0,
      "byteOffset": 20088,
      "byteLength": 72,
      "target": 34963
    },
    {
      "buffer": 0,
      "byteOffset": 20160,
      "byteLength": 288,
      "target": 34962,
      "byteStride": 12
    },
    {
      "buffer": 0,
      "byteOffset": 20448,
      "byteLength": 288,
      "target": 34962,
      "byteStride": 12
    },
    {
      "buffer": 0,
      "byteOffset": 20736,
      "byteLength": 192,
      "target": 34962,
      "byteStride": 8
    },
    {
      "buffer": 0,
      "byteOffset": 20928,
      "byteLength": 72,
      "target": 34963
    },
    {
      "buffer": 0,
      "byteOffset": 21000,
      "byteLength": 288,
      "target": 34962,
      "byteStride": 12
    },
    {
      "buffer": 0,
      "byteOffset": 21288,
      "byteLength": 288,
      "target": 34962,
      "byteStride": 12
    },
    {
      "buffer": 0,
      "byteOffset": 21576,
      "byteLength": 192,
      "target": 34962,
      "byteStride": 8
    },
    {
      "buffer": 0,
      "byteOffset": 21768,
      "byteLength": 72,
      "target": 34963
    },
    {
      "buffer": 0,
      "byteOffset": 21840,
      "byteLength": 288,
      "target": 34962,
      "byteStride": 12
    },
    {
      "buffer": 0,
      "byteOffset": 22128,
      "byteLength": 288,
      "target": 34962,
      "byteStride": 12
    },
    {
      "buffer": 0,
      "byteOffset": 22416,
      "byteLength": 192,
      "target": 34962,
      "byteStride": 8
    },
    {
      "buffer": 0,
      "byteOffset": 22608,
      "byteLength": 72,
      "target": 34963
    },
    {
      "buffer": 0,
      "byteOffset": 22680,
      "byteLength": 288,
      "target": 34962,
      "byteStride": 12
    },
    {
      "buffer": 0,
      "byteOffset": 22968,
      "byteLength": 288,
      "target": 34962,
      "byteStride": 12
    },
    {
      "buffer": 0,
      "byteOffset": 23256,
      "byteLength": 192,
      "target": 34962,
      "byteStride": 8
    },
    {
      "buffer": 0,
      "byteOffset": 23448,
      "byteLength": 72,
      "target": 34963
    },
    {
      "buffer": 0,
      "byteOffset": 23520,
      "byteLength": 288,
      "target": 34962,
      "byteStride": 12
    },
    {
      "buffer": 0,
      "byteOffset": 23808,
      "byteLength": 288,
      "target": 34962,
      "byteStride": 12
    },
    {
      "buffer": 0,
      "byteOffset": 24096,
      "byteLength": 192,
      "target": 34962,
      "byteStride": 8
    },
    {
      "buffer": 0,
      "byteOffset": 24288,
      "byteLength": 72,
      "target": 34963
    },
    {
      "buffer": 0,
      "byteOffset": 24360,
      "byteLength": 288,
      "target": 34962,
      "byteStride": 12
    },
    {
      "buffer": 0,
      "byteOffset": 24648,
      "byteLength": 288,
      "target": 34962,
      "byteStride": 12
    },
    {
      "buffer": 0,
      "byteOffset": 24936,
      "byteLength": 192,
      "target": 34962,
      "byteStride": 8
    },
    {
      "buffer": 0,
      "byteOffset": 25128,
      "byteLength": 72,
      "target": 34963
    },
    {
      "buffer": 0,
      "byteOffset": 25200,
      "byteLength": 288,
      "target": 34962,
      "byteStride": 12
    },
    {
      "buffer": 0,
      "byteOffset": 25488,
      "byteLength": 288,
      "target": 34962,
      "byteStride": 12
    },
    {
      "buffer": 0,
      "byteOffset": 25776,
      "byteLength": 192,
      "target": 34962,
      "byteStride": 8
    },
    {
      "buffer": 0,
      "byteOffset": 25968,
      "byteLength": 72,
      "target": 34963
    },
    {
      "buffer": 0,
      "byteOffset": 26040,
      "byteLength": 288,
      "target": 34962,
      "byteStride": 12
    },
    {
      "buffer": 0,
      "byteOffset": 26328,
      "byteLength": 288,
      "target": 34962,
      "byteStride": 12
    },
    {
      "buffer": 0,
      "byteOffset": 26616,
      "byteLength": 192,
      "target": 34962,
      "byteStride": 8
    },
    {
      "buffer": 0,
      "byteOffset": 26808,
      "byteLength": 72,
      "target": 34963
    },
    {
      "buffer": 0,
      "byteOffset": 26880,
      "byteLength": 288,
      "target": 34962,
      "byteStride": 12
    },
    {
      "buffer": 0,
      "byteOffset": 27168,
      "byteLength": 288,
      "target": 34962,
      "byteStride": 12
    },
    {
      "buffer": 0,
      "byteOffset": 27456,
      "byteLength": 192,
      "target": 34962,
      "byteStride": 8
    },
    {
      "buffer": 0,
      "byteOffset": 27648,
      "byteLength": 72,
      "target": 34963
    }
  ],
  "buffers": [
    {
      "byteLength": 27720,
